119
526
312
405
392
759
622
976
522
426
542
694
283
806
594
5
838
185
377
782
111
827
322
471
542
228
158
912
764
657
674
569
635
326
878
36
55
753
379
65
582
625
933
759
837
52
633
510
197
325
342
368
134
745
384
32
440
811
298
173
892
254
663
769
841
230
802
998
63
828
943
328
389
709
288
89
738
272
985
292
696
557
412
172
862
553
426
688
615
511
359
173
92
663
754
972
80
950
956
540
178
377
138
914
28
579
127
119
53
179
280
487
599
95
334
106
975
932
368
439
121
70
250
331
22
858
531
706
932
814
772
445
549
561
82
916
327
202
883
202
59
819
34
708
622
157
576
232
825
750
966
245
257
79
816
973
459
310
675
828
97
245
462
382
715
219
73
664
58
700
832
797
644
117
585
875
92
366
612
697
319
498
752
87
13
913
621
192
610
204
79
580
384
791
905
10
359
590
416
819
489
869
423
805
535
727
856
347
237
406
258
269
470
859
264
643
641
729
531
63
750
116
781
394
902
157
621
800
658
229
869
549
32
621
965
364
192
819
569
226
817
802
194
463
31
506
322
123
782
162
307
101
139
614
122
875
294
438
410
186
733
177
959
725
350
45
974
761
496
990
950
626
175
437
370
571
367
516
785
431
585
414
111
167
923
82
367
172
515
327
777
558
818
320
7
662
946
59
366
476
978
548
85
234
683
885
212
348
555
573
151
787
420
588
51
484
610
356
269
540
416
21
328
380
880
321
319
703
309
158
465
809
352
729
834
775
411
303
425
581
592
501
70
31
744
970
930
726
145
823
404
242
34
381
292
503
719
647
73
124
848
588
403
83
49
203
863
920
343
169
401
447
461
285
564
983
140
956
325
723
799
838
130
447
14
317
552
361
307
775
889
504
110
912
83
67
739
274
720
709