-26.81
24.44
9.54
25.43
915.44
3.64
9.52
7.88
11.17
1005.10
13.53
39.53
1.58
19.44
979.14
-16.70
8.02
9.75
60.11
955.02
-25.37
39.26
9.17
85.96
909.18
-25.97
28.10
5.62
71.71
954.18
4.18
30.08
1.81
46.45
1030.23
23.09
27.61
4.69
66.43
1063.41
-29.02
18.07
2.16
24.93
974.53
21.54
34.83
3.48
15.98
1019.24
19.65
14.21
5.94
53.11
1066.60
1.49
35.92
1.27
42.70
945.01
9.04
29.84
3.61
73.75
1082.72
-27.89
29.60
2.80
5.69
1060.06
-11.90
16.93
9.05
34.43
901.42
-12.73
7.82
7.68
35.39
1023.75
1.55
24.18
1.35
73.47
1032.53
-9.69
12.52
3.17
36.78
1001.32
-17.86
21.17
2.99
67.94
971.13
0.42
10.55
6.33
63.53
1095.37
22.34
28.52
0.01
30.37
1007.38
-2.65
31.83
2.02
81.97
1015.95
18.39
5.17
5.63
44.07
942.64
-8.15
2.57
0.50
65.16
927.76
19.09
4.63
3.21
79.75
946.29
19.55
33.56
6.86
87.91
1041.93
-9.67
23.51
7.07
19.38
924.99
-15.23
35.03
4.60
87.96
917.40
13.74
31.43
7.00
87.16
946.20
-15.65
21.10
9.91
27.73
1097.42
-2.92
23.54
9.22
61.23
1098.75
-25.00
36.51
9.09
26.74
993.94
-19.16
9.38
6.22
60.61
1032.57
20.89
35.03
3.91
45.62
962.34
-21.34
6.80
7.18
38.42
920.02
9.42
29.87
0.11
56.57
900.63
6.44
10.69
7.28
44.85
987.11
12.27
34.98
0.75
60.99
971.90
-16.07
33.70
5.23
36.11
975.47
-19.03
27.01
1.06
55.14
916.80
22.03
17.87
3.68
24.39
965.88
14.79
35.11
0.54
22.65
1025.97
5.68
7.19
0.26
17.52
981.36
-9.24
26.77
6.18
49.60
950.59
13.39
6.11
4.84
36.21
1093.82
15.72
23.32
3.01
58.46
1066.21
-3.84
14.18
9.96
70.58
927.40
-2.35
26.79
0.27
81.53
1076.78
-19.33
22.86
9.43
45.95
961.32
15.58
29.38
4.56
42.49
1036.70
-20.92
25.92
2.41
87.42
911.46
-13.53
34.92
0.47
76.99
1067.14
-28.40
6.57
9.65
82.47
914.15
-20.87
30.99
2.39
57.88
1001.40
9.95
7.68
2.23
7.90
1068.33
-26.81
28.58
1.77
50.51
1006.26
-16.25
27.42
9.61
66.97
1053.02
14.50
22.94
1.11
6.13
958.04
-0.52
39.82
2.12
75.47
989.17
-23.50
20.75
2.72
86.44
956.10
-6.05
32.10
8.74
82.52
1044.37
14.22
22.37
8.60
13.10
1007.03
1.68
38.69
5.20
74.80
1075.48
-28.69
5.76
2.91
44.75
948.12
-10.14
16.72
3.38
86.49
1097.98
-9.59
18.42
3.94
20.92
957.60
-18.18
22.43
8.91
14.34
936.22
1.83
2.33
9.19
46.37
1006.88
-21.70
19.23
7.04
36.34
917.90
9.09
32.74
5.08
18.45
1004.58
-24.31
20.05
1.94
83.56
1002.81
-20.02
21.98
8.10
8.41
1009.71
4.86
19.81
1.33
43.06
1084.81
-10.09
20.76
2.39
1.50
957.49
-25.35
39.98
4.16
59.03
913.32
4.37
18.69
8.78
13.64
957.54
10.79
4.32
3.17
54.22
970.30
-28.11
32.80
2.42
55.13
955.63
8.88
10.69
6.35
35.77
1069.40
-11.63
5.12
9.57
80.72
1010.40
2.74
28.66
5.07
56.30
988.03
-20.08
12.14
0.80
82.42
940.86
13.88
18.49
3.84
33.69
1061.87
-24.89
17.82
4.85
16.09
977.47
-11.36
24.92
7.50
36.19
980.08
14.66
24.67
5.49
41.68
1086.26
11.26
17.21
7.99
40.80
1084.20
20.95
39.76
4.27
70.41
1039.94
16.42
4.59
7.09
54.47
1074.37
-14.23
27.63
5.44
12.29
1032.72
-22.91
15.43
4.09
7.02
999.99
4.01
10.85
1.01
31.33
966.43
-21.30
21.46
9.59
65.05
1096.55
17.84
13.53
0.53
75.16
1025.32
-14.83
11.72
2.88
59.13
1014.36
-23.37
9.04
1.89
70.67
949.71
-12.12
3.92
6.16
13.52
1023.65
-1.65
35.62
5.35
7.28
1033.92
2.05
33.01
6.07
66.06
945.05
-24.56
39.93
2.60
65.94
1042.32
9.54
1.90
9.75
70.70
943.38
-12.82
6.91
2.75
78.15
995.48
8.47
31.73
5.43
31.42
953.73
17.04
14.47
1.36
74.68
1071.05
-13.81
12.59
2.92
67.07
902.86
-18.74
23.75
6.01
55.91
956.76
-12.51
31.58
8.79
32.07
1088.61
5.04
11.52
6.51
53.76
1097.22
-17.25
10.43
5.02
46.53
919.84
2.73
15.03
0.10
7.51
956.21
-29.57
26.98
7.15
15.17
1050.24
-24.04
7.80
2.72
12.36
975.30
-12.91
18.82
9.65
25.51
1029.83
-16.51
23.21
9.43
66.80
971.75
21.11
39.15
3.77
11.55
905.69
-24.76
19.30
4.84
0.48
1053.21
15.52
10.80
1.52
32.62
1003.06
-28.13
22.53
9.09
89.36
1083.97
11.41
38.83
8.77
24.18
968.52
-1.82
3.80
9.98
45.10
1032.17
-29.63
19.57
4.48
81.88
1058.45
-2.75
23.80
0.87
50.44
1017.35
-18.71
36.10
1.47
29.76
942.50
5.24
23.48
1.87
44.38
1002.32
-5.65
27.11
5.76
63.98
1008.18
7.66
21.79
6.33
86.54
1075.69
13.15
15.63
9.49
35.09
963.96
1.14
31.19
4.10
45.59
918.29
-23.30
34.78
3.48
23.85
1049.98
6.59
30.25
8.31
54.29
1067.48
-20.88
32.93
7.50
55.18
1033.96
-0.33
10.42
5.12
56.32
972.99
-5.89
9.67
3.12
44.11
965.96
24.69
36.89
9.03
48.69
988.41
7.54
27.09
4.67
26.08
1096.21
-12.77
10.63
1.33
43.18
1082.15
-5.58
38.15
7.38
26.77
934.11
18.84
35.38
7.55
3.34
1016.74
16.96
17.45
9.72
22.74
945.85
1.71
25.59
2.26
6.16
1075.36
3.24
5.13
0.69
17.06
1004.95
2.10
7.43
4.74
83.38
986.95
-23.31
21.61
9.85
30.05
922.95
-28.74
28.66
4.92
81.96
1062.52
-1.16
11.50
3.18
88.36
1033.01
-9.55
20.05
5.24
63.92
1037.86
4.93
24.94
9.94
84.71
1033.08
-19.45
19.94
5.81
72.47
966.87
7.57
11.73
3.76
58.29
1077.42
-22.18
11.96
6.23
86.84
1060.89
-22.49
26.66
6.73
73.00
915.43
21.44
20.62
4.86
43.95
1057.40
-1.81
6.37
7.59
41.47
997.58
-14.38
12.19
5.66
46.79
1071.30
-5.23
32.33
6.95
12.94
1017.76
8.62
11.81
4.15
32.15
1010.33
-21.22
4.95
9.71
48.42
954.68
5.33
5.10
6.90
79.42
953.58
11.48
29.12
0.93
26.19
902.47
1.40
23.52
2.70
41.91
1035.67
-1.40
0.07
5.73
8.41
923.87
20.30
36.56
2.98
43.44
1035.24
-23.69
6.84
4.89
30.17
948.32
11.71
19.97
1.10
56.11
1062.08
-24.21
9.15
4.66
79.15
987.45
0.31
11.41
5.11
72.73
1049.59
5.69
7.34
6.47
13.99
964.82
18.43
35.24
0.54
68.66
983.40
14.83
39.79
6.87
68.00
1081.62
10.29
28.32
8.07
13.06
924.59
19.39
12.82
5.58
25.74
994.40
2.70
25.81
1.77
4.63
908.08
-26.61
4.03
0.48
44.38
1031.36
17.20
35.01
5.34
88.70
929.00
-6.30
8.18
3.32
62.21
983.39
1.55
12.69
6.65
32.55
941.87
17.65
23.76
1.34
61.50
963.45
3.17
15.20
1.48
59.16
923.11
2.39
27.90
6.04
61.70
1028.09
23.24
16.29
4.17
47.62
1026.18
2.23
36.51
6.77
51.75
1025.19
0.27
36.79
7.44
84.57
914.01
-19.59
14.20
3.25
62.70
981.38
2.82
22.44
0.60
11.60
983.93
6.21
7.89
7.19
9.53
1087.92
-24.13
6.69
1.39
64.10
992.02
-12.88
16.75
0.68
3.33
940.18
-5.07
17.24
1.58
47.15
1000.82
-22.79
38.36
3.17
59.67
1031.62
-0.80
21.16
0.24
26.33
1029.26
-25.68
34.37
9.56
89.46
1003.49
-14.15
33.02
2.81
88.84
1017.67
9.92
29.61
0.93
75.07
959.15
-28.06
17.28
8.45
72.11
1007.37
-1.34
2.98
3.29
11.67
982.91
-2.80
20.46
4.29
52.66
1083.01
-5.79
6.09
8.15
23.07
1036.14
5.18
23.46
3.56
37.57
1027.20
23.19
28.82
0.68
76.12
1022.70
12.24
16.64
3.57
79.65
1084.36
16.39
1.38
4.49
59.20
1042.61
23.17
13.80
8.70
27.85
1059.46
-0.95
21.74
6.76
29.71
1051.66
2.70
29.76
6.26
45.13
1011.66
-28.25
0.70
0.72
38.27
1071.65
1.69
14.15
7.78
82.68
1069.99
19.23
20.26
1.04
13.88
920.66
2.50
11.49
1.81
10.91
986.70
-16.69
3.10
8.49
88.42
905.96
-8.33
34.51
8.86
59.99
966.19
-3.41
21.91
4.85
4.65
1000.72
-8.39
20.29
6.20
52.77
920.09
4.27
0.52
7.09
70.57
981.31
13.41
11.77
6.52
14.02
925.69
-20.91
18.90
7.39
42.17
972.89
-25.41
29.65
1.18
11.32
971.28
24.38
37.55
9.19
8.05
1008.32
5.10
33.65
8.88
68.22
1062.46
-19.76
24.81
5.91
32.10
934.46
24.04
33.53
3.55
24.10
960.58
-21.26
31.37
4.48
84.87
914.90
17.97
30.15
8.25
73.62
1065.92
-24.30
18.64
4.06
66.11
997.17
-24.13
0.56
3.28
17.80
1017.28
1.12
15.62
3.48
44.37
1076.39
9.79
2.37
0.44
53.67
1063.37
-1.16
4.68
1.37
14.43
1069.23
0.18
8.34
1.47
88.27
1083.31
-5.87
11.52
8.78
63.91
1004.92
-0.67
11.49
1.24
74.02
1007.98
-17.78
23.42
6.74
32.89
1078.64
-23.66
28.31
9.80
42.52
956.06
12.35
39.75
5.72
71.02
982.18
14.11
34.81
3.61
22.24
914.48
-0.53
24.93
2.68
40.00
900.43
24.01
31.71
1.04
46.99
945.90
3.08
37.46
2.79
76.80
1055.60
-11.50
0.43
1.68
54.89
1021.42
8.00
15.76
4.21
80.32
940.13
-7.48
2.90
2.69
62.60
988.16
7.57
27.73
3.73
0.99
1054.73
21.88
30.27
7.24
42.38
1010.95
20.69
1.23
4.40
4.58
911.93
-1.75
22.27
1.60
14.86
972.46
-15.69
8.54
9.05
12.93
1092.88
-19.25
8.37
3.42
4.19
918.01
-21.92
24.94
5.09
80.58
905.39
-1.63
19.33
5.81
15.87
1016.20
-17.51
30.69
1.85
33.63
927.88
-7.77
22.45
1.94
6.38
1026.36
-6.48
26.98
5.64
58.59
934.28
-22.71
9.92
1.14
87.62
902.48
-16.21
9.66
5.16
62.55
1080.35
-2.45
2.26
5.62
59.82
902.42
21.73
1.17
8.07
73.05
994.20
-27.48
39.19
8.44
22.80
973.76
-12.32
17.94
4.47
87.53
958.28
-11.72
34.09
2.58
76.14
917.68
19.63
39.08
1.47
59.30
1044.11
-19.05
25.05
4.84
82.99
946.60
11.44
12.12
6.52
16.62
980.45
-3.06
13.55
7.30
33.29
1031.33
14.83
36.37
5.20
1.17
1049.55
-15.69
0.43
0.63
87.09
1006.64
3.37
9.39
5.86
8.08
930.25
-6.29
8.56
3.28
19.29
983.97
4.46
3.65
2.20
8.68
917.39
10.43
26.23
8.13
14.78
938.90
-24.55
2.22
1.52
37.96
906.54
22.17
19.48
5.62
69.13
955.18
20.77
15.36
5.52
9.98
912.15
10.30
17.92
9.45
16.91
954.05
-16.94
33.12
5.95
17.65
1094.61
24.31
12.43
6.02
73.08
1047.74
5.56
1.54
0.29
29.25
1084.25
-5.99
34.29
1.94
48.60
1039.92
20.09
1.10
5.71
20.35
972.95
-27.57
8.46
9.64
18.98
1068.85
15.48
21.83
1.64
66.92
1016.74
12.63
4.54
1.56
77.29
955.18
11.28
7.10
5.81
54.48
982.43
22.35
11.43
4.90
45.15
902.84
9.89
17.07
5.73
16.67
1016.29
12.36
20.70
3.01
56.34
1013.44
13.11
1.01
8.59
10.88
978.53
-11.56
12.09
6.06
35.86
988.01
-28.27
1.45
8.32
58.07
940.95
-19.15
37.00
6.52
81.56
971.93
-0.74
18.82
4.47
11.75
1000.04
-22.13
36.04
7.15
6.89
930.57
-10.40
19.97
5.88
50.98
934.74
-1.46
20.67
9.91
18.45
945.14
18.40
23.40
7.65
88.30
1016.39
-13.90
18.17
0.47
69.63
1039.05
-18.98
16.94
6.21
89.36
960.55
18.36
24.51
8.34
53.17
952.35
-11.95
15.07
0.35
63.91
1029.00
-2.96
23.46
6.49
50.35
937.26
-19.63
25.97
2.12
62.64
1073.38
-7.73
2.75
2.38
28.34
911.05
-6.15
38.30
2.85
54.70
986.00
5.36
6.60
2.14
23.65
939.98
10.63
25.24
5.72
35.43
1020.01
3.71
24.11
0.63
17.67
983.91
-12.09
29.50
3.57
22.28
936.71
20.98
34.21
0.31
14.30
1074.76
-13.95
17.70
9.60
41.26
946.62
-29.51
24.69
0.05
21.45
983.15
-6.96
5.81
1.79
20.72
945.64
22.59
34.43
2.59
12.67
1099.90
-16.23
10.59
5.94
7.80
989.83
12.46
2.29
0.56
61.58
1006.68
7.69
14.33
3.39
77.60
966.80
24.90
32.28
3.70
64.56
936.34
-17.20
26.55
8.73
45.27
901.10
-23.52
39.18
0.37
38.11
997.03
1.25
32.74
8.77
1.35
923.11
-24.33
23.06
2.06
47.23
1022.60
-16.29
39.06
3.34
78.54
1058.42
7.50
4.78
5.57
59.79
972.49
-11.00
24.16
7.25
17.71
941.95
-15.86
16.61
9.40
4.84
1033.75
-13.27
35.13
7.13
44.23
1072.87
6.30
17.64
0.95
4.25
1012.88
-29.48
7.33
2.74
0.45
1056.35
20.22
4.86
2.13
73.05
951.02
-26.90
4.84
0.72
66.56
1021.21
-17.78
22.61
3.63
42.01
905.53
0.61
32.30
5.61
72.54
1086.72
23.81
23.21
4.88
64.08
1005.45
14.64
27.83
5.67
32.70
983.45
5.45
22.16
0.78
65.01
1035.13
24.77
6.55
3.67
43.75
1012.35
4.21
18.85
9.09
26.84
1005.59
-24.90
20.71
5.53
17.92
1044.55
8.33
34.71
8.70
38.87
1045.10
20.42
18.58
3.91
41.16
947.43
-21.67
38.01
2.75
71.40
971.65
17.73
12.09
1.20
14.74
952.94
-15.50
23.06
3.57
48.18
1000.48
11.69
5.68
8.89
6.85
976.02
-4.79
14.95
4.99
27.46
1004.45
-22.24
2.70
2.57
89.50
1092.51
8.89
18.44
9.92
25.54
1031.93
11.98
37.85
2.23
80.02
1063.50
16.16
7.36
3.04
70.58
999.17
-14.00
30.51
2.15
48.42
920.16
-19.57
33.73
2.77
7.49
1038.93
-0.09
18.02
8.11
88.13
1031.01
13.71
13.13
4.01
23.88
999.21
-13.71
7.84
1.10
67.97
1016.70
12.77
30.81
2.80
61.99
956.01
0.81
31.28
7.40
45.53
1008.95
11.20
37.10
4.92
29.63
943.34
-29.27
19.93
3.43
42.90
992.10
-10.16
22.45
5.14
66.89
955.69
19.57
7.49
4.61
79.12
1067.43
-29.93
17.44
6.12
84.58
930.72
-21.68
32.26
3.92
10.05
936.33
-9.80
17.87
5.47
47.69
902.86
-23.63
33.37
8.71
84.37
956.44
6.69
33.21
7.56
66.19
963.04
12.87
23.48
6.51
67.48
1001.22
1.11
37.62
0.71
76.00
1041.20
8.02
37.43
6.10
17.59
973.65
-14.73
36.90
4.02
55.54
1056.45
6.23
5.87
3.04
72.46
1093.36
0.83
28.57
0.68
75.52
919.36
12.72
5.24
3.25
86.09
1038.46
-9.98
11.41
2.37
53.97
935.26
-14.68
28.90
7.60
36.33
1075.67
-25.57
7.50
9.39
8.70
949.06
8.64
26.29
3.31
26.03
1028.69
6.25
35.77
8.75
29.74
983.66
4.70
8.44
2.90
69.20
921.64
-25.25
31.86
2.93
6.25
926.25
-11.19
6.50
8.69
21.00
980.70
23.29
38.93
0.41
3.33
999.32
-24.63
29.03
3.48
63.97
912.78
-20.75
6.53
1.76
18.14
996.58
22.60
2.24
5.96
55.06
912.66
-14.32
18.24
3.56
45.20
971.67
-25.05
4.26
3.40
77.52
933.22
15.67
8.28
3.71
85.47
961.35
-5.32
0.47
9.62
2.00
1041.60
-22.18
29.64
6.30
58.08
1060.03
-4.40
26.22
4.94
15.05
1087.08
-9.58
33.97
3.09
60.23
1004.01
-15.45
39.94
8.68
70.28
994.80
-19.48
25.82
1.07
52.43
964.17
-7.39
31.61
2.34
27.90
1061.92
11.45
37.40
5.61
85.98
985.47
-14.46
9.78
2.78
72.35
1045.33
11.59
37.52
1.51
60.29
1074.84
0.14
33.71
0.48
68.00
1067.34
16.65
15.14
5.67
52.48
912.17
1.05
11.43
8.60
55.48
911.23
-17.69
37.44
2.80
2.66
985.75
-4.98
26.71
3.01
4.59
910.12
-3.44
5.99
9.42
23.83
1041.39
-8.78
13.39
5.77
21.26
925.13
-28.95
22.14
3.07
20.59
1004.76
5.42
19.66
1.23
79.44
1093.88
-7.89
17.05
4.27
6.61
997.85
6.31
35.76
1.98
67.83
1021.23
-25.09
27.19
2.99
28.45
1093.50
-0.10
9.59
3.10
39.54
975.38
12.55
10.45
0.20
51.87
924.68
11.10
3.62
0.93
63.00
1083.51
-3.35
35.30
4.82
18.02
905.60
24.68
35.58
7.01
77.16
989.85
-19.36
1.43
4.98
77.36
927.86
-16.88
13.12
0.78
43.25
1096.67
-8.29
35.76
2.92
89.83
1067.85
12.89
28.72
0.35
7.78
1058.59
12.40
12.19
8.13
42.23
913.94
-25.22
33.95
8.22
10.92
1051.70
6.32
25.68
5.64
34.72
1043.18
0.29
7.84
5.97
86.61
1085.91
-5.93
17.78
6.38
59.33
1075.19
4.11
13.81
5.91
32.94
1069.08
-29.82
19.65
2.36
6.63
965.02
-9.14
27.42
1.79
20.33
1024.36
-8.59
16.00
5.70
7.36
1010.86
-2.80
36.81
6.98
48.85
1096.82
13.57
16.36
9.75
6.27
1045.87
-6.48
36.50
0.47
0.59
1007.69
4.70
39.51
7.25
74.89
1010.13
-17.19
39.93
2.42
48.28
1015.60
-1.80
13.17
9.67
61.58
1047.13
17.08
11.78
2.55
20.55
993.24
2.75
27.44
7.67
49.91
1039.32
-24.97
24.23
4.35
48.07
1072.03
-3.18
5.41
4.19
14.82
914.95
15.90
9.68
9.78
10.62
1015.96
-13.97
13.58
8.04
73.36
953.62
-23.89
12.42
1.25
80.67
1043.34
-11.07
3.08
0.85
45.04
1006.70
2.11
31.89
5.53
39.97
928.44
-8.62
0.76
0.10
83.35
936.06
-25.32
5.62
2.23
36.45
1075.48
16.17
16.29
4.04
49.51
1067.79
14.86
30.08
0.74
80.81
977.84
-21.58
35.14
0.82
11.56
1052.20
7.36
19.69
5.02
51.64
1027.38
-12.90
20.25
2.43
51.10
1018.80
8.40
27.83
8.58
88.05
939.22
-5.63
30.34
1.28
69.20
910.47
-13.28
12.96
6.27
43.03
998.57
-11.19
31.82
5.78
69.19
978.03
-26.52
14.41
6.86
8.08
1054.47
20.03
12.45
8.58
68.35
1096.86
-29.11
8.86
6.54
47.19
1071.86
9.88
30.79
1.19
10.30
915.57
-11.82
32.00
5.58
61.57
936.14
-14.43
27.88
0.69
34.37
920.97
9.81
39.12
9.77
22.79
1076.64
9.50
29.24
4.13
79.57
943.04
-10.97
2.95
6.57
77.94
975.05
7.67
33.69
4.28
27.94
993.19
-7.34
36.23
8.31
49.74
996.10
12.51
0.43
3.84
11.10
1090.87
22.36
11.57
0.50
6.46
921.10
-17.00
39.42
8.30
0.22
1068.24
6.48
38.97
9.81
9.73
955.09
-17.33
1.39
6.96
9.76
1066.44
24.83
2.72
9.97
11.87
1040.46
-24.00
12.99
3.80
51.61
1027.75
14.50
26.60
5.94
1.54
1095.83
-7.12
18.02
0.08
72.58
1077.06
5.72
18.89
7.48
3.76
1053.04
-10.44
1.87
6.62
28.88
956.72
-26.74
30.21
4.41
29.04
985.05
-25.13
0.94
1.05
82.51
982.31
8.21
23.63
2.10
55.38
931.09
-13.69
17.13
1.29
48.04
916.46
-17.82
10.01
7.70
5.13
943.88
8.96
30.30
2.39
89.95
1038.54
15.04
17.42
8.78
28.75
1056.22
-28.88
36.17
1.66
79.35
918.59
-5.78
38.91
7.35
46.26
953.46
-7.82
36.81
7.00
38.86
905.31
-7.79
32.48
5.92
10.22
1068.42
-12.09
9.44
6.30
9.42
1084.24
-20.92
25.78
9.09
41.79
1088.58
-12.91
22.01
4.18
32.81
1083.09
4.13
14.70
3.60
43.62
920.10
-8.48
14.94
2.91
10.93
1009.02
14.26
15.28
8.33
66.59
946.03
-14.07
25.28
2.96
86.92
1051.81
-8.56
30.78
1.68
0.23
1010.76
23.73
25.17
0.86
51.22
1027.60
-27.52
28.92
6.91
89.68
983.38
-26.05
3.93
4.18
54.26
1000.64
6.42
5.75
3.52
48.66
1040.19
23.85
34.48
3.98
57.35
963.15
-21.19
39.14
8.98
79.78
985.45
-2.83
27.16
3.88
55.50
1028.19
-7.41
30.97
3.85
49.40
1009.07
-5.33
24.63
3.66
50.99
1077.47
-11.95
7.36
4.83
29.43
955.29
13.29
9.32
7.48
5.05
1051.61
-3.21
8.54
7.81
70.38
1032.82
-23.06
35.50
8.04
48.76
969.06
-7.15
35.84
3.40
47.23
1057.05
19.44
23.94
7.74
47.87
933.13
-9.81
13.07
0.97
20.76
1089.79
-16.71
12.57
7.13
31.41
1055.10
-27.17
28.52
0.91
27.58
944.96
-10.91
21.37
3.03
44.37
1022.69
20.92
31.93
8.94
13.58
963.49
-1.43
38.21
6.73
46.37
982.32
-25.85
17.74
2.04
13.69
1095.31
14.14
35.59
4.86
43.44
932.29
-28.95
32.28
1.81
85.85
936.26
13.12
2.66
7.61
61.29
1037.66
-23.20
3.47
6.57
16.68
1041.91
-23.12
27.90
0.76
9.08
1001.57
23.38
15.41
1.57
13.13
986.72
-7.33
2.09
7.72
44.38
970.06
17.14
39.83
7.34
37.34
917.42
-21.99
11.01
0.23
35.91
1016.34
-27.94
37.47
6.84
58.45
1018.47
5.13
32.86
3.04
64.98
929.75
-9.25
25.86
7.49
30.78
926.93
20.83
17.91
8.13
49.71
946.57
11.26
31.14
7.11
70.82
1036.86
24.96
26.14
3.49
54.44
1034.93
-1.36
25.76
4.91
17.18
1056.77
19.02
30.27
0.63
41.32
944.10
-4.05
20.32
9.18
18.63
949.88
22.62
19.78
5.46
29.61
991.33
5.53
18.49
7.34
14.20
1065.25
-13.75
15.37
1.58
9.64
1003.95
-0.84
18.40
6.72
57.62
981.35
18.72
9.15
7.18
73.46
1076.40
9.91
14.49
9.39
24.10
982.59
-28.80
19.84
6.27
67.17
1018.81
-15.39
28.27
5.26
19.93
1074.90
-21.28
24.43
3.96
3.71
1090.90
10.52
17.46
4.51
16.12
966.30
-1.64
34.71
3.60
19.95
925.78
15.67
28.08
6.07
56.33
1085.02
-22.68
9.94
6.15
5.78
984.94
-8.93
13.11
6.10
52.43
950.52
2.85
13.87
2.84
2.63
1044.80
5.39
17.58
4.22
82.04
1073.39
7.03
29.96
8.96
76.01
1021.22
-20.71
13.46
6.09
13.15
916.81
-3.66
21.69
1.41
20.55
986.12
23.79
29.30
7.75
27.68
951.85
24.59
13.47
1.55
69.12
1014.79
-20.64
24.13
0.23
80.26
913.48
-17.43
36.37
4.99
46.49
1019.81
8.19
31.82
5.10
17.58
1052.65
2.23
21.82
8.72
61.14
916.80
7.53
10.86
6.39
24.64
929.87
-24.17
28.32
2.75
60.44
917.42
-3.08
30.28
1.48
60.17
1056.11
-5.59
1.60
0.48
30.40
1021.52
3.73
17.09
3.06
63.18
1027.56
-27.14
23.68
7.92
83.46
1079.82
12.28
26.07
8.03
24.61
941.29
16.90
9.82
1.24
76.70
1014.72
5.81
1.86
0.46
78.55
1017.29
22.98
16.50
4.78
54.11
959.12
-3.87
31.72
6.06
81.95
1061.03
-20.83
9.62
6.97
50.82
960.77
-11.68
21.71
3.22
48.72
941.76
9.05
11.89
5.58
65.30
1064.95
-0.28
24.01
9.92
9.61
1058.70
-18.33
27.57
1.72
54.95
1014.32
22.11
13.40
6.47
51.36
1018.10
3.64
29.37
3.92
85.24
1090.44
19.19
12.30
8.91
83.26
1073.38
-17.16
22.27
9.73
9.58
904.53
6.20
21.78
8.61
15.27
902.47
2.02
12.03
6.37
66.70
1018.83
19.05
28.74
0.00
46.29
1058.16
-12.08
6.77
9.25
87.70
957.72
21.12
18.02
10.00
77.58
937.03
-6.22
33.12
4.81
85.09
942.03
-25.52
38.76
1.14
64.22
929.77
-19.87
27.40
9.29
32.97
993.69
12.57
27.31
4.86
82.19
1008.79
21.86
29.89
7.31
85.39
981.01
-17.59
22.31
2.71
18.14
935.24
3.06
35.12
4.41
67.33
920.84
-14.54
2.36
3.30
19.95
963.91
-14.24
39.51
4.90
88.76
975.18
-10.21
9.99
5.88
40.54
927.22
22.45
2.87
9.46
79.53
1025.37
-15.46
35.95
2.46
54.01
1066.08
20.11
14.03
7.27
51.02
1014.29
23.95
13.06
9.47
43.36
1025.75
2.35
7.60
6.43
0.88
1082.19
-8.14
10.67
5.48
54.04
912.46
-19.25
2.05
9.46
1.36
965.11
-7.30
17.51
1.84
84.35
927.67
-0.26
12.37
1.29
7.99
1003.32
-10.21
9.77
3.38
20.64
973.02
11.90
36.15
6.82
56.56
1058.49
-1.20
19.81
4.27
6.57
1028.44
-12.08
28.14
2.85
20.85
912.72
13.01
25.85
5.90
58.71
1063.89
9.45
0.76
4.10
76.13
991.30
-15.30
20.31
2.95
72.04
1017.69
-19.01
2.97
2.53
54.35
1094.53
15.47
12.45
1.62
57.32
1099.90
12.15
5.97
1.57
37.30
910.04
-8.67
11.80
5.71
37.18
1072.31
-1.16
18.39
3.57
52.80
923.12
-27.33
29.73
8.01
10.33
1008.81
-1.12
11.16
1.03
12.08
991.76
-8.02
8.21
6.07
12.00
1060.17
13.86
21.17
6.93
11.66
1073.71
17.07
4.09
5.31
8.13
919.61
7.79
19.19
9.01
34.81
1099.50
-21.18
17.46
2.73
27.62
1038.52
-10.74
29.39
1.37
28.69
942.35
-15.32
3.14
0.43
62.92
1066.74
-29.53
22.76
3.71
21.80
985.13
-29.10
22.87
2.60
64.29
976.68
-0.25
39.15
8.25
51.66
965.20
-28.19
7.41
9.73
11.43
1036.38
3.28
34.56
5.62
3.95
941.47
16.32
2.69
5.26
1.97
947.02
-8.62
25.46
0.87
15.04
985.05
-2.88
28.86
6.71
51.51
901.42
6.01
8.34
0.33
39.29
922.95
-5.91
23.88
3.49
16.61
977.44
-6.37
6.14
4.95
2.24
916.60
-8.07
14.33
1.28
52.33
904.51
-3.33
30.83
8.14
47.35
1023.87
-21.56
14.34
1.70
84.31
1027.60
-9.01
38.76
3.50
70.21
969.01
-29.80
19.77
9.21
22.35
985.52
15.59
28.33
7.23
32.19
911.89
-16.08
5.43
1.80
19.03
972.75
-26.95
6.23
7.10
66.89
992.25
13.64
31.59
2.24
35.74
927.89
16.94
39.02
6.95
73.14
1053.17
-15.34
2.78
3.11
12.60
976.98
13.76
5.18
6.67
72.73
963.39
-18.59
4.13
1.43
13.03
1001.57
-3.01
12.81
6.13
66.56
1040.80
-16.33
4.88
9.30
42.02
995.57
-13.91
8.65
9.75
36.11
927.07
0.82
1.77
1.46
24.67
994.80
-18.48
25.66
6.74
3.44
930.33
19.47
3.76
1.65
59.38
990.69
15.80
25.56
4.79
53.59
1022.45
2.32
6.64
4.97
35.53
1072.70
-20.89
22.52
9.16
2.18
900.97
1.06
17.52
7.68
83.97
981.02
13.56
30.03
0.20
17.34
1056.31
3.39
27.31
8.22
87.73
1098.69
10.42
16.52
5.77
43.69
983.64
-8.51
11.80
6.85
86.95
1013.33
-11.34
33.88
0.71
53.07
1030.92
16.04
4.54
1.83
76.63
967.98
21.09
11.43
9.59
66.82
915.29
6.42
26.50
6.55
68.35
1031.32
6.57
12.71
7.70
37.45
1035.56
-23.99
33.98
1.35
83.46
938.64
-18.15
14.55
6.17
38.53
978.28
8.29
8.37
6.74
65.17
1092.57
-6.64
9.39
4.56
29.14
1059.85
10.41
24.78
5.00
8.93
914.48
23.16
17.22
0.21
89.21
998.46
-2.81
5.25
7.42
40.53
1073.43
23.03
36.55
3.49
72.77
932.52
13.98
31.04
1.20
78.13
1063.04
16.81
27.43
9.61
47.41
1059.28
15.08
18.09
4.68
64.70
1048.58
-13.15
24.60
0.97
54.01
940.90
-28.36
1.35
2.14
6.38
1064.47
-1.49
23.45
8.51
70.50
967.27
-11.52
23.25
5.07
68.34
1061.12
-16.40
14.42
7.61
21.09
958.09
-11.68
9.85
8.72
22.13
903.37
-10.51
28.76
8.91
12.24
1015.92
-0.63
2.59
8.92
67.21
911.49
14.72
25.01
0.08
12.72
993.19
2.47
6.78
7.10
83.67
915.39
9.97
27.51
7.68
80.48
1008.30
22.64
3.15
5.56
68.69
1047.87
17.58
32.08
7.69
86.00
974.96
-25.04
10.17
9.04
44.96
901.82
-7.05
2.26
9.23
64.41
956.41
-17.99
9.67
2.32
26.83
1022.29
-5.36
29.82
4.19
64.86
1016.93
3.92
21.49
8.66
3.98
952.66
10.68
6.44
2.98
64.28
1068.65
0.31
26.75
7.66
13.86
1055.00
-14.39
7.19
2.82
20.64
1077.05
17.24
3.62
9.31
12.18
1031.34
-14.93
5.00
3.09
64.06
1093.30
24.52
1.59
0.04
43.44
1019.89
-14.16
1.25
4.90
17.43
963.29
-27.14
26.75
1.80
27.85
1096.87
-23.38
35.08
4.91
29.63
1007.51
1.54
7.79
7.95
43.41
1011.83
22.43
25.15
0.21
79.67
984.15
-29.33
35.43
8.77
41.47
1030.87
6.35
30.13
3.84
8.26
920.07
11.86
22.22
3.55
62.32
1036.04
-25.85
14.11
3.85
67.52
1027.71
11.34
39.31
0.22
29.60
1030.36
13.37
17.81
4.27
45.11
1042.31
16.77
17.19
0.78
7.51
932.56
4.20
31.33
8.31
33.93
961.71
-23.85
19.48
3.20
43.04
1012.11
10.86
20.63
2.53
80.91
944.67
-12.24
26.53
4.18
30.28
993.76
-14.81
17.22
3.92
24.22
949.96
-16.87
28.00
8.64
56.28
999.29
-6.70
35.80
0.68
70.90
926.33
-9.24
16.74
6.73
14.38
977.16
10.97
8.40
6.36
43.90
991.45
-13.63
18.31
0.80
73.96
973.72
22.80
14.67
7.18
24.98
940.17
17.71
19.83
1.39
36.00
1028.56
-23.72
5.24
5.28
48.69
1015.46
20.62
20.90
3.88
20.30
1035.42
-16.44
33.69
1.41
48.87
937.51
16.30
0.24
2.96
23.21
914.60
14.52
18.48
7.35
53.31
1089.21
12.02
1.23
3.48
39.84
993.19
23.61
6.12
9.43
50.13
1093.38
20.62
17.94
8.12
52.30
983.77
3.75
9.85
1.70
47.83
999.62
-27.15
21.28
0.16
69.16
948.06
11.34
5.70
4.93
9.61
971.48
9.72
16.64
7.01
15.04
940.21
-25.50
6.53
8.02
75.98
1089.84
-2.60
12.48
5.78
9.72
1020.04
20.83
1.27
8.73
7.68
1062.29
-17.42
2.46
4.67
20.29
928.03
12.27
6.29
8.23
49.88
1003.28
14.38
2.84
8.54
54.07
1010.59
-12.08
21.75
2.43
59.73
1038.04
15.58
17.68
2.13
19.60
1056.53
-16.70
22.21
3.67
58.47
944.99
0.28
34.58
8.60
48.10
969.20
-20.30
30.38
2.30
0.69
900.10
-14.82
22.64
3.07
3.53
979.09
12.89
8.96
6.38
86.52
1049.87
3.23
36.00
4.93
83.15
901.63
7.16
34.86
3.74
77.62
1012.93
8.92
11.65
3.30
74.99
1007.63
22.84
0.50
3.41
87.88
940.73
-20.84
4.29
3.66
4.49
1000.42
2.52
0.35
8.05
47.07
1000.51
-19.12
24.79
1.31
43.83
989.10
0.55
39.01
3.22
65.03
947.95
-22.65
1.91
7.64
87.83
912.13
-17.93
38.43
6.30
67.83
973.17
-1.21
7.47
4.60
59.92
1060.86
-14.46
35.16
5.72
42.51
1054.29
14.94
4.51
8.58
24.38
1032.68
-28.93
18.81
1.67
40.75
965.67
17.04
15.07
6.75
77.67
938.46
-14.37
28.97
0.92
88.04
932.37
-26.69
37.63
7.64
21.32
949.52
15.42
0.33
6.68
52.90
1037.72
15.96
19.96
4.48
5.13
1094.25
-9.43
12.52
0.93
36.89
997.61
23.26
11.80
2.20
37.14
1002.94
-18.36
34.57
1.16
62.85
910.98
5.53
33.50
5.58
51.88
903.13
15.49
7.06
3.02
22.30
1031.20
4.81
4.26
3.58
45.46
966.55
-6.35
1.02
1.71
57.98
1010.33
-6.25
13.80
3.68
65.85
918.16
-7.29
33.61
0.64
70.41
1026.91
21.05
12.20
2.96
54.66
1062.51
-26.51
7.08
9.30
56.50
1076.26
-23.44
20.60
2.08
15.62
1082.59
22.02
33.84
9.68
7.09
950.70
23.43
4.53
6.73
34.16
1073.43
-24.27
30.49
5.76
41.99
1059.34
9.87
25.96
9.15
66.25
1038.14
-5.42
10.11
5.86
22.20
1011.34
8.29
37.84
9.98
58.47
954.48
-14.14
13.59
9.21
19.69
1056.72
23.37
21.26
7.25
14.30
1034.62
-26.76
27.72
6.29
21.61
1086.26
16.23
18.98
4.14
0.17
929.37
0.06
2.28
5.37
74.11
938.73
6.07
22.13
4.78
57.64
1029.04
17.87
22.41
7.39
23.80
977.39
-24.64
1.25
3.46
84.87
922.01
18.19
19.65
1.77
38.65
912.58
23.39
26.24
5.65
17.85
933.44
21.97
32.20
7.26
65.04
908.66
-20.04
1.77
1.63
34.39
1049.75
22.30
36.57
0.32
6.36
905.79
0.60
0.35
5.02
61.94
1040.54
4.35
10.18
8.42
11.03
1032.87
-12.76
24.22
9.15
8.68
1034.17
6.69
2.27
0.40
73.46
1045.88
-15.90
8.58
0.71
83.50
915.61
-15.35
21.97
3.50
26.69
1060.57
-11.71
6.09
4.93
53.85
921.25
-3.58
7.89
7.92
34.06
1023.45
3.24
18.76
7.62
71.51
1062.60
-22.02
11.46
4.76
51.36
959.14
-16.60
2.78
0.58
79.93
953.40
-2.74
30.38
8.54
28.12
914.19
18.35
10.54
8.51
45.44
960.32
22.03
1.52
4.57
54.58
1090.36
-9.84
18.69
1.60
26.23
920.02
-8.28
7.96
3.11
29.90
942.30
-13.39
35.79
6.33
10.44
978.08
4.79
20.52
3.72
76.63
960.54
-1.10
39.28
2.60
61.56
1081.47
8.83
19.47
6.16
34.12
1065.75
15.54
16.40
3.77
38.98
989.21
8.37
38.96
5.20
30.14
1067.19
-1.88
33.47
9.45
0.89
1083.32
18.82
33.13
0.82
49.30
1052.61
-10.54
11.84
0.62
5.27
986.84
-8.17
5.95
5.45
55.51
975.95
-20.56
33.60
7.11
71.63
1082.36
15.59
32.03
9.81
35.92
904.53
-14.07
4.07
5.28
66.98
1077.70
10.31
39.57
6.81
71.08
906.40
-5.13
17.29
0.30
73.01
931.20
7.85
8.87
0.77
13.63
952.36
9.92
2.81
5.18
1.30
955.26
-10.59
29.19
9.18
72.14
941.12
-13.03
17.35
7.80
0.72
1017.75
4.47
15.79
4.07
79.84
960.51
19.47
2.68
4.54
86.14
997.72
-12.70
0.26
4.44
40.34
976.94
-24.21
31.90
8.99
73.72
968.61
-8.10
8.54
5.49
38.94
965.14
0.64
27.26
5.34
39.59
1065.18
7.50
13.05
8.00
45.12
1018.97
12.97
37.18
8.53
15.88
1048.75
-1.69
38.12
0.16
85.83
932.67
-13.27
27.96
8.13
21.04
986.30
14.53
1.45
6.08
86.92
984.16
-22.60
36.75
4.97
78.47
1083.39
-6.95
27.82
7.74
24.86
944.94
-6.17
31.63
8.90
88.57
1084.59
-11.01
36.91
9.84
69.14
978.38
1.71
1.13
0.11
54.72
1068.94
-14.63
16.70
3.60
69.23
1064.06
9.45
36.02
6.33
30.85
938.89
-4.83
13.78
8.62
38.02
930.34
9.44
29.28
8.30
33.76
1040.98
-16.98
20.66
0.71
33.42
1087.40
-13.14
32.15
7.57
53.35
1016.90
-25.30
23.35
3.27
87.75
1098.92
-15.51
39.37
9.75
16.47
918.40
7.73
24.66
0.01
44.98
910.32
-23.75
27.07
0.02
75.80
1033.40
-23.26
18.35
8.50
68.99
1097.94
-25.95
33.99
3.88
1.66
965.70
2.41
3.68
8.56
75.59
996.16
16.45
8.61
6.65
46.01
915.62
11.38
10.24
3.61
62.84
1023.69
-23.42
2.72
3.99
8.74
1002.96
23.20
9.61
4.59
61.37
910.61
-5.34
25.46
0.88
27.24
1003.69
-2.24
16.60
1.46
57.78
1006.62
21.70
11.98
5.82
54.56
1007.38
-16.41
25.21
6.81
25.66
997.05
-4.18
24.73
1.53
56.93
983.79
-6.13
9.12
3.40
62.13
992.36
13.14
26.45
4.20
39.09
1082.28
2.42
31.55
5.94
59.38
950.09
-17.89
0.39
9.92
49.82
1075.23
-26.31
14.74
0.68
22.74
963.24
-11.59
17.61
7.22
10.41
1040.02
4.47
0.07
1.72
7.29
996.66
-6.32
14.84
4.52
33.32
945.99
-16.78
26.81
5.98
54.09
971.91
21.32
26.84
1.93
60.88
1021.88
-1.73
15.38
5.94
83.06
1052.77
-29.28
14.47
6.79
89.55
909.18
21.27
16.42
6.42
54.44
1065.69
-25.47
18.40
7.80
35.36
940.93
-6.24
22.88
3.49
56.82
1001.90
24.20
24.74
2.17
69.54
990.12
9.46
33.25
1.86
59.79
1014.42
-6.52
19.12
2.58
10.46
1088.79
-8.99
37.03
8.60
62.11
1093.69
-18.69
18.98
0.94
22.57
1061.59
10.23
25.49
3.57
39.39
925.48
0.35
24.34
7.53
40.71
1037.14
-7.02
37.83
7.84
54.61
1081.38
-5.64
19.74
3.52
49.37
973.73
-23.69
17.05
0.06
21.61
1054.10
9.74
11.10
2.31
32.39
1046.15
11.24
31.74
2.77
18.82
1012.55
4.09
30.95
8.56
63.04
960.67
24.52
29.31
9.54
78.72
911.53
-7.97
37.13
2.87
72.63
902.50
16.32
23.18
5.12
41.54
1089.62
-28.82
17.44
4.22
65.72
1067.19
19.82
22.70
9.60
1.72
1061.56
13.58
6.03
0.99
22.66
1051.73
4.30
29.98
7.44
81.03
1033.86
20.39
22.00
0.26
24.29
1070.21
-7.99
8.47
1.10
39.71
942.17
16.64
13.45
6.69
49.03
1013.56
-19.77
5.44
6.07
15.24
917.18
23.80
27.69
7.87
34.97
946.83
-6.39
17.47
6.43
32.30
1074.91
9.18
1.06
4.28
43.10
944.95
0.85
20.87
6.22
53.88
1060.24
-28.60
12.16
3.83
39.57
1085.98
13.71
2.18
0.61
34.78
909.30
12.01
28.67
1.86
78.92
914.53
-21.41
20.82
5.41
51.67
990.03
13.59
19.25
3.52
37.53
1050.20
-19.84
0.07
7.93
76.73
981.14
10.99
37.72
6.05
78.68
968.05
21.30
0.52
9.87
14.60
1036.03
-0.50
9.14
7.71
37.00
1020.57
-26.52
13.27
5.99
43.55
1064.71
-21.00
35.64
0.98
3.83
1061.17
1.64
38.13
4.22
68.65
994.01
-4.00
15.70
1.20
79.68
1062.97
20.21
17.22
8.55
2.45
1068.77
-14.10
19.11
9.69
12.61
1049.56
-6.21
24.30
4.91
71.06
956.08
-8.40
32.07
2.07
20.74
1093.73
-2.48
39.15
4.50
12.54
1050.56
19.85
12.83
7.13
29.21
1098.83
-8.41
31.06
4.35
31.98
980.99
-27.81
11.45
5.58
31.26
954.17
16.84
33.25
2.56
34.03
933.13
9.14
9.01
8.86
71.12
927.41
-14.82
8.14
1.55
76.03
1034.97
-26.01
26.87
7.71
20.09
976.82
-23.45
33.27
2.75
85.99
913.16
20.71
12.64
0.54
12.63
1045.24
-5.87
8.62
9.65
52.27
944.48
-22.99
18.67
7.59
39.63
972.17
10.69
34.77
7.31
83.96
950.76
-6.70
18.93
1.44
79.08
973.24
3.35
3.12
2.69
32.41
946.97
-15.41
17.63
3.05
75.58
914.37
19.89
32.75
8.83
11.65
1062.63
0.80
33.80
9.22
14.62
1026.50
-22.02
13.95
7.61
54.73
998.72
-24.17
11.14
9.82
62.62
917.11
16.56
15.16
0.77
74.72
1014.25
-12.28
0.07
5.75
85.70
1063.02
-19.86
0.27
6.31
72.41
1093.63
-2.30
11.30
7.19
34.89
1029.94
3.86
1.96
4.50
80.20
979.30
8.15
22.29
1.42
33.93
1017.60
-2.48
26.53
4.05
48.40
931.39
-15.45
25.47
1.88
23.09
1003.74
-23.03
13.90
1.95
15.01
1027.95
-16.97
10.05
6.32
15.81
1045.68
-19.47
32.05
5.31
0.40
1026.83
-2.79
15.59
0.13
31.98
904.51
-8.58
29.29
9.86
52.46
1075.32
4.64
7.17
9.97
60.80
961.11
9.58
33.42
6.53
50.12
977.43
-18.47
2.75
8.35
68.98
992.82
15.98
12.84
2.87
74.01
914.42
0.07
37.03
7.17
47.32
975.71
-1.34
14.11
4.25
48.37
976.28
-10.75
16.71
3.92
76.20
1081.02
-24.74
32.92
0.98
72.12
993.12
-14.33
11.37
6.94
89.67
920.89
-9.08
38.34
6.29
17.66
1099.07
14.96
25.09
2.68
76.05
1008.97
17.27
8.22
8.94
12.59
1069.15
-13.85
30.87
5.15
67.80
1089.12
3.83
19.69
3.86
5.29
933.36
-26.16
19.09
4.80
75.65
964.50
-27.59
26.98
7.07
58.98
918.28
-2.58
2.27
6.91
72.74
979.55
4.08
6.80
9.16
65.04
992.16
0.64
12.52
0.11
9.61
1044.06
5.42
29.97
0.21
4.75
1067.73
17.36
30.90
2.91
87.00
1047.58
20.70
5.08
7.07
67.72
922.20
4.68
4.65
0.77
58.96
1049.28
-28.25
4.73
1.18
17.98
964.86
-23.08
4.90
4.21
73.37
1061.30
-16.51
26.31
0.30
37.63
920.56
-11.44
5.30
2.86
88.39
1004.02
14.40
34.00
6.11
87.57
904.70
-10.18
5.76
5.77
73.77
931.05
-1.33
32.89
8.23
24.65
984.47
-16.61
38.96
5.51
13.57
984.88
12.74
21.97
7.45
35.42
1041.96
17.99
32.05
2.99
25.19
968.58
-26.72
13.21
3.85
66.49
931.17
-4.10
13.09
3.95
58.75
935.43
-12.21
25.85
3.86
53.34
1081.65
