-13.90
14.80
2.51
2.19
414.12
3.00
10.96
6.91
1.07
472.38
-9.39
2.14
5.11
1.24
330.43
4.84
6.35
2.39
2.95
306.76
3.99
12.15
3.55
2.30
344.84
-1.97
1.03
4.08
2.43
160.00
1.11
9.66
5.18
0.31
182.39
11.95
0.03
1.52
0.96
373.43
-11.60
4.60
4.01
1.27
419.35
-6.41
1.52
2.62
1.15
113.65
18.28
8.95
3.17
0.17
442.36
14.17
0.88
0.55
0.68
260.88
8.70
4.38
2.76
1.11
432.48
3.19
6.17
1.57
1.57
272.13
8.64
1.38
1.68
2.49
304.22
-8.51
9.62
1.57
0.13
443.24
14.96
4.26
1.89
1.21
258.84
23.82
0.51
1.57
1.06
1.29
4.29
1.94
4.00
0.63
61.86
19.62
12.63
0.15
0.50
472.39
21.30
6.09
4.17
0.98
36.75
4.62
2.86
3.95
0.13
254.84
-1.19
10.85
6.84
2.19
29.99
5.20
6.57
6.47
0.78
369.14
24.81
0.25
5.60
2.82
19.17
21.34
10.12
2.50
0.80
268.42
-11.43
6.99
0.86
2.01
438.80
4.20
11.09
1.97
0.87
363.04
6.11
13.50
1.69
2.86
131.46
7.72
4.24
1.36
0.80
206.75
21.99
12.11
3.38
1.98
392.02
-1.77
5.36
5.50
0.42
273.16
-6.21
9.43
4.49
0.15
340.44
-4.87
0.15
0.25
1.92
32.76
-3.64
5.87
4.10
1.54
374.62
-7.56
2.66
1.95
0.69
29.61
6.38
0.88
4.61
0.25
102.86
5.50
6.64
4.42
2.67
299.77
-3.52
1.22
5.63
2.06
497.16
8.30
9.56
3.34
1.09
60.79
13.63
2.54
6.87
1.94
484.09
-5.37
4.97
6.32
2.37
28.91
10.15
10.28
0.91
1.47
185.09
-11.90
14.80
2.65
2.73
168.96
-3.57
8.57
4.69
0.66
389.72
-10.98
1.73
6.65
0.17
170.26
19.56
8.42
2.90
2.25
358.52
-13.46
4.27
0.07
2.42
380.74
0.45
10.36
4.91
1.28
6.70
18.63
9.55
1.48
0.03
123.33
7.28
5.02
1.87
2.82
128.41
-3.11
7.38
4.72
2.87
449.34
14.13
0.40
4.25
2.85
20.34
-3.82
8.08
3.87
0.76
206.75
-0.98
2.19
3.79
2.13
23.47
6.96
9.13
0.15
2.51
420.43
5.31
5.70
3.63
2.53
451.53
19.99
2.40
3.31
0.14
275.47
-13.41
5.85
1.66
2.90
402.78
-11.85
4.14
5.87
0.77
433.57
21.31
8.20
3.58
1.40
441.69
-10.08
10.67
6.74
0.77
113.15
9.95
2.75
3.25
1.20
415.00
-1.53
13.91
6.83
0.93
146.07
8.24
8.40
0.55
2.50
2.93
12.00
6.88
6.11
0.45
7.36
4.61
9.56
5.70
1.85
286.90
21.34
8.97
4.94
0.69
433.80
9.29
4.32
6.85
0.32
223.12
2.78
12.34
3.25
1.37
383.79
6.10
12.47
3.77
1.44
301.26
24.35
9.34
6.51
2.53
408.08
-9.87
6.84
5.81
2.18
399.78
21.26
6.47
4.38
2.73
57.52
20.80
0.26
3.62
0.81
447.89
-1.55
10.45
1.31
1.46
89.73
0.38
8.69
4.25
0.20
154.83
11.65
10.66
5.70
2.35
97.40
-1.51
0.78
2.03
1.81
8.56
22.45
4.29
6.22
0.11
420.76
-2.55
11.49
4.09
1.40
183.71
24.87
4.10
2.89
1.11
499.07
19.49
10.73
4.63
1.71
105.28
-11.61
0.35
5.96
1.63
436.00
6.40
11.05
0.74
0.00
397.21
-1.32
6.36
3.15
0.94
399.92
16.77
8.97
3.00
1.21
264.97
0.05
2.53
6.36
1.73
69.87
9.85
2.67
4.58
0.63
140.07
-7.09
9.34
5.26
2.63
352.96
-9.89
6.71
0.03
1.81
289.57
-7.74
12.36
6.61
2.77
207.22
8.65
10.92
0.64
0.01
86.77
19.75
9.35
1.71
0.50
332.38
4.03
5.91
5.87
2.67
77.45
-13.42
9.29
6.22
0.33
443.58
4.19
6.47
0.36
2.09
84.57
-0.31
4.92
0.64
0.47
296.81
23.88
2.13
2.76
0.18
291.60
18.13
9.31
6.71
2.18
442.94
18.79
2.51
6.83
0.08
376.27
-13.91
13.81
0.20
1.00
43.45
-9.52
15.00
0.75
0.54
186.82
22.97
6.03
0.96
1.60
73.96
-4.98
0.33
1.72
0.80
64.06
3.86
8.84
3.99
2.85
225.25
6.51
10.30
2.89
1.46
34.36
9.63
6.30
1.35
2.00
248.19
6.53
5.27
0.04
1.51
48.61
-14.56
5.34
2.01
2.00
444.74
5.00
6.90
2.08
1.06
8.61
20.14
6.39
1.42
0.69
276.14
-0.49
3.12
2.16
1.91
282.66
24.03
8.87
4.22
0.47
378.80
-10.81
1.99
4.81
0.49
270.59
-12.20
5.53
1.46
1.92
376.95
-9.39
6.95
0.01
1.00
461.72
-1.43
11.29
1.85
0.18
180.08
-12.31
9.04
0.47
2.89
379.26
-14.10
0.49
2.25
1.22
301.16
-6.12
3.11
3.85
0.50
57.31
24.11
1.07
1.31
1.21
161.35
2.00
2.12
1.71
0.62
0.06
16.09
5.87
3.36
0.45
228.99
-0.50
6.77
4.74
1.09
94.56
17.43
2.48
0.52
2.23
175.37
-4.59
2.70
4.77
2.17
256.20
-2.68
3.91
4.76
1.13
295.57
10.97
5.77
5.36
1.15
475.18
24.16
12.39
0.39
1.57
422.84
7.23
12.62
3.26
1.86
383.43
-9.54
3.18
4.45
0.83
65.24
18.40
0.56
2.98
0.74
99.69
-7.68
13.24
6.13
0.67
397.98
-11.93
5.50
4.47
2.31
57.34
-6.26
7.73
5.46
2.55
110.94
-0.38
1.30
4.08
1.95
118.65
12.17
3.80
4.60
2.71
424.79
-10.37
1.61
6.46
0.38
476.92
-4.73
3.36
5.05
1.16
460.27
2.64
9.90
2.56
0.48
47.87
-14.72
0.28
4.21
0.29
184.00
4.01
8.93
3.34
2.75
89.06
-4.90
11.08
3.48
0.02
125.26
22.70
9.64
6.99
1.81
372.61
5.77
2.01
2.66
2.13
121.21
-2.23
9.00
1.54
0.48
134.42
-5.39
10.61
6.79
0.15
467.38
1.39
1.81
1.13
1.15
147.87
2.38
12.13
5.77
1.47
11.15
10.72
5.61
1.36
0.30
240.60
1.31
1.74
6.58
2.07
69.85
-11.87
2.39
0.61
0.85
477.31
5.39
3.49
5.61
2.11
273.51
5.40
4.84
4.04
2.35
499.87
6.08
9.03
4.39
1.93
10.96
17.50
11.06
4.88
2.87
236.35
-4.68
2.16
3.71
2.90
344.08
-11.31
12.41
5.44
1.78
217.63
-8.06
1.37
6.35
0.07
267.96
18.70
12.23
2.95
2.79
179.99
24.35
3.10
2.06
0.92
198.92
-7.03
10.80
5.75
0.41
475.93
-11.57
14.64
0.66
0.33
6.69
-6.78
14.80
0.47
2.95
485.55
6.86
10.52
0.31
2.86
111.76
18.86
14.30
4.58
1.66
123.66
11.72
10.21
1.11
0.38
274.70
5.18
3.33
1.16
0.20
94.64
4.17
13.02
5.57
0.64
63.27
-5.60
14.71
3.17
1.08
363.81
-3.38
0.01
4.32
2.53
489.14
4.43
11.02
4.90
2.71
161.90
22.77
9.51
4.08
1.35
228.73
-12.67
3.87
2.09
0.72
249.80
6.21
7.76
1.06
2.63
251.94
3.67
5.42
5.86
0.21
90.67
-13.94
6.67
2.76
2.38
241.04
18.58
12.19
1.90
2.58
153.16
-5.68
9.87
2.44
2.91
146.24
20.31
1.19
6.80
0.72
318.59
-2.54
13.54
4.49
1.74
367.34
-0.90
9.75
6.07
2.75
199.08
-11.99
14.34
0.73
0.53
191.22
-13.13
3.77
5.91
1.49
179.56
16.00
4.35
6.12
2.48
140.04
10.48
1.49
2.20
2.50
497.82
18.93
1.55
1.65
1.03
245.22
-2.85
1.16
5.34
1.83
41.40
6.93
8.85
2.76
0.16
229.60
7.59
5.09
3.94
2.72
388.07
16.39
7.85
0.51
2.82
139.64
-14.79
1.02
5.74
2.22
96.71
-0.38
13.75
2.37
2.48
453.76
-1.47
10.71
5.03
0.49
206.00
-5.86
6.26
0.50
2.63
118.21
21.91
12.96
1.82
1.09
90.05
22.02
9.17
5.26
1.63
208.84
-5.82
1.81
4.00
0.82
329.06
23.78
6.68
2.09
0.23
432.24
22.04
7.18
6.46
0.18
398.08
4.19
5.58
4.00
1.03
258.62
21.17
7.70
4.86
1.26
301.08
22.08
6.44
6.16
0.29
434.57
-9.30
5.74
5.38
1.58
167.86
11.70
1.29
6.96
0.60
121.46
-5.69
7.81
5.07
2.30
385.10
13.63
9.57
1.04
0.06
7.36
21.78
14.66
2.42
2.11
365.41
-13.95
7.79
1.40
2.98
350.23
21.09
0.43
6.76
2.66
9.90
14.68
9.85
2.89
2.05
411.04
9.72
6.23
2.05
2.95
309.39
5.81
11.32
3.11
1.66
237.05
-13.57
13.34
1.85
1.46
322.60
-10.40
14.14
4.82
1.46
198.55
-4.53
14.92
2.29
1.66
34.46
-12.66
2.94
4.02
1.88
82.79
-9.42
11.38
4.63
1.06
245.38
23.17
10.43
6.61
0.10
311.92
6.58
7.15
2.12
2.57
302.75
-13.24
2.06
5.03
0.86
88.15
8.47
13.88
2.21
1.93
45.88
-12.24
10.00
2.76
0.51
455.81
21.95
7.42
5.85
1.47
277.82
-7.02
9.94
6.77
1.50
143.22
-13.59
10.12
6.02
0.22
111.01
-0.18
7.30
1.04
2.79
148.67
0.04
4.84
4.31
2.67
233.13
11.37
13.66
1.58
0.01
96.79
9.03
3.08
2.74
1.64
169.75
-12.30
1.87
3.24
0.82
290.99
24.86
4.19
3.46
0.26
136.81
5.42
13.26
5.33
1.98
461.26
17.82
11.24
6.60
0.50
492.08
15.77
4.98
5.22
1.61
339.54
-0.90
2.77
3.16
1.10
483.30
-0.72
4.79
4.50
0.16
264.65
-10.43
13.03
6.34
0.94
10.10
0.77
4.77
3.14
1.47
353.37
5.60
10.83
3.78
0.16
14.00
8.56
5.06
3.22
1.68
253.12
-11.18
4.54
4.41
2.35
318.26
16.25
6.16
3.81
1.46
229.98
-4.13
7.23
5.92
0.85
429.05
2.86
10.90
1.69
1.82
468.15
-10.02
12.62
1.71
2.17
402.90
6.01
13.22
1.83
2.25
91.02
-1.00
5.45
2.26
2.34
214.32
12.57
2.07
3.52
0.34
39.42
13.25
0.57
5.80
1.30
461.62
12.63
13.65
0.66
2.80
383.21
14.23
8.29
2.44
2.98
236.14
21.15
0.77
3.10
0.89
13.63
2.38
10.12
5.11
0.47
99.11
16.66
12.99
2.32
0.59
120.04
19.30
0.00
0.77
0.10
132.85
-6.86
1.05
0.95
1.06
352.61
-10.64
12.00
1.27
0.20
402.32
-13.78
0.70
4.10
2.49
67.04
-8.25
9.14
1.23
0.59
97.76
-12.02
2.58
0.80
0.55
412.27
24.26
2.07
3.52
1.73
172.45
-3.17
3.47
4.69
0.48
415.93
-11.09
9.70
2.59
0.48
309.53
1.61
11.43
6.24
0.11
306.46
4.94
2.34
1.05
1.99
498.14
18.95
9.99
1.67
1.18
454.97
19.09
4.36
0.20
1.06
381.94
-3.24
8.74
2.20
0.29
415.68
6.60
3.20
3.79
1.95
84.68
3.29
7.03
4.02
0.17
356.19
-7.48
4.79
3.24
2.92
298.63
-3.58
0.77
1.90
0.77
224.02
17.38
7.72
2.58
2.91
402.89
11.97
7.30
0.05
0.49
380.03
-7.42
14.42
2.00
2.14
396.65
8.10
13.84
0.53
1.39
321.20
-4.45
13.96
3.78
0.97
398.17
19.23
14.11
3.38
0.87
376.15
10.85
14.52
3.86
2.60
209.18
-13.78
1.95
4.04
2.61
194.17
10.66
4.38
2.41
1.81
489.50
3.41
14.42
1.55
2.56
411.51
24.01
14.25
6.42
1.99
79.21
16.69
1.32
6.92
0.14
128.87
-9.53
6.59
5.84
0.44
484.44
19.55
10.65
5.32
2.58
368.08
-1.50
0.42
4.57
2.76
410.44
24.13
10.22
6.51
1.51
248.70
1.34
4.08
5.96
1.74
312.96
17.55
2.91
0.13
1.84
302.05
-8.86
0.64
6.29
2.51
88.08
21.70
4.65
3.92
1.05
202.55
14.58
9.91
3.94
2.12
386.30
-12.23
1.20
5.59
1.06
126.07
5.91
1.40
6.99
1.94
140.76
20.01
3.49
6.71
0.78
257.34
4.30
4.43
3.21
2.18
383.30
-3.38
10.70
2.08
1.54
44.30
19.21
5.47
2.00
1.01
294.08
19.39
11.94
6.72
2.10
201.66
17.89
10.52
1.55
2.59
380.69
4.77
11.61
6.94
2.08
297.71
5.92
6.09
4.02
2.17
302.06
-14.09
5.61
6.97
1.17
184.55
-9.86
0.19
2.21
0.69
217.57
11.72
4.70
0.25
1.80
59.37
11.77
1.22
2.05
1.07
167.15
-9.79
9.88
0.32
0.89
385.63
21.83
6.31
3.91
1.06
71.10
-1.51
10.00
2.70
2.83
88.58
-8.32
6.51
0.99
2.43
23.28
21.56
0.30
1.57
1.47
2.47
-13.49
11.70
2.78
2.64
57.48
22.89
1.44
2.94
2.60
48.83
11.58
13.18
5.11
0.47
256.84
13.69
10.51
0.28
2.08
188.96
7.26
13.06
2.31
1.16
312.47
0.41
1.35
6.97
2.05
189.28
9.45
11.54
5.40
0.73
257.56
21.35
13.85
2.24
2.04
416.65
-9.63
3.41
0.80
0.75
382.22
9.17
0.82
6.63
2.87
135.22
-1.53
5.03
5.21
2.56
146.47
-3.77
3.48
0.90
0.79
472.39
2.46
13.76
1.02
1.91
123.42
12.14
12.25
3.02
0.62
84.41
-10.23
4.71
6.32
0.25
20.39
13.10
8.50
5.60
1.66
11.08
11.09
14.00
0.63
2.29
87.23
17.07
9.79
2.72
2.86
99.56
18.49
11.57
5.04
0.03
8.66
12.05
14.14
0.25
1.23
301.59
-7.16
8.95
3.90
1.99
3.98
-0.80
12.00
5.85
2.31
294.29
-7.96
5.07
1.53
2.34
353.66
7.91
4.17
0.00
0.59
386.53
-4.32
9.12
3.88
0.29
459.51
18.81
2.04
0.12
2.25
146.86
3.62
1.34
0.71
0.36
409.73
-7.24
4.60
5.80
2.44
177.91
1.53
1.57
0.31
2.78
401.81
16.49
5.53
4.77
2.00
448.09
4.91
4.22
0.65
1.41
256.11
15.01
6.11
3.04
2.55
53.75
1.33
0.81
2.08
1.42
430.25
-1.89
5.31
3.41
0.62
151.15
-14.14
10.12
0.18
0.84
279.03
2.96
7.27
2.06
2.67
263.19
21.81
2.57
4.51
1.06
128.37
18.34
11.39
1.66
1.85
31.96
-7.13
11.60
3.16
2.36
138.84
2.65
13.23
6.23
1.33
257.36
-5.11
5.04
1.76
0.65
448.10
14.59
1.29
5.27
0.81
336.40
-10.85
8.40
3.11
0.52
424.98
-1.53
8.90
2.99
1.94
33.51
-13.94
4.73
5.50
0.62
359.53
1.81
12.02
6.39
2.23
222.01
-10.69
8.75
2.07
0.89
452.80
1.04
11.68
2.12
1.55
265.17
23.68
8.55
4.53
0.25
86.31
10.56
5.48
3.80
1.55
319.91
-2.79
9.77
6.13
2.77
128.13
-1.53
13.85
4.49
1.08
20.83
14.20
12.88
5.26
0.85
211.10
15.14
0.23
6.93
2.12
431.30
4.41
3.10
3.00
2.54
232.79
23.80
9.42
2.70
0.22
483.58
-10.50
14.98
6.88
0.78
107.30
-5.32
5.32
1.49
0.44
146.16
-10.47
0.20
1.11
1.32
352.37
16.58
1.68
1.37
0.10
35.13
-3.78
6.62
6.50
2.20
331.83
-1.50
5.38
3.31
0.08
381.42
21.18
10.76
3.62
1.22
384.54
13.94
7.81
0.86
1.53
376.70
-8.22
8.38
0.39
2.09
444.30
6.98
8.45
4.70
0.83
126.98
-13.13
5.67
4.91
0.47
112.66
8.95
13.09
3.64
1.95
471.55
-6.08
1.86
3.00
0.89
174.71
-12.82
13.12
5.85
0.06
190.58
-4.63
9.73
1.48
1.10
44.78
3.22
7.48
6.35
2.81
194.20
10.51
1.62
0.95
2.63
213.41
-2.79
3.64
2.11
1.03
230.09
-9.33
8.08
4.81
2.19
351.85
21.00
11.89
2.59
2.11
402.01
9.51
13.31
5.59
2.00
124.40
-2.81
8.57
3.57
2.03
436.89
18.10
3.15
3.12
1.17
239.97
-8.98
4.25
3.74
1.56
56.03
24.29
8.73
1.56
2.55
391.51
12.16
6.80
0.17
2.42
20.84
-5.58
12.09
0.58
1.96
495.54
5.10
9.70
0.90
0.90
277.65
24.19
3.24
0.57
2.92
449.97
-4.59
9.73
2.33
2.61
39.88
4.29
14.60
3.52
1.38
315.83
-7.79
9.09
2.67
1.80
277.66
19.62
11.09
4.03
0.25
5.11
-4.41
9.57
3.88
0.01
71.41
8.67
5.20
1.36
1.49
123.45
5.70
10.30
3.29
2.99
392.60
-13.76
4.64
6.80
0.92
28.97
17.31
4.98
0.13
1.80
365.28
16.51
11.79
3.95
1.96
46.34
-7.79
6.04
3.26
1.83
236.72
10.02
4.01
1.08
2.67
278.47
8.91
12.56
5.84
0.90
21.75
-14.55
6.46
2.35
2.37
30.19
14.92
12.34
2.23
0.92
497.22
9.18
4.03
1.39
0.83
183.19
-1.85
3.42
2.66
0.72
21.40
23.35
4.12
1.84
1.62
102.93
2.11
9.23
6.96
1.11
364.88
23.78
12.97
1.24
1.31
7.99
-7.61
12.24
1.80
1.57
30.86
19.83
6.09
2.63
1.00
354.00
-4.19
0.61
5.48
1.73
330.72
1.45
10.64
4.49
2.23
88.55
-10.86
2.26
6.63
0.91
284.38
-13.45
9.23
3.38
0.02
2.01
-14.86
7.82
5.29
0.89
408.33
19.22
3.71
3.77
2.91
38.88
4.62
3.40
6.99
1.52
25.13
16.87
5.57
1.09
2.38
3.73
12.69
4.88
5.59
0.83
104.60
-4.65
12.45
5.64
0.10
350.40
3.16
8.57
0.34
0.15
330.31
-4.56
4.65
4.48
2.88
456.62
5.13
0.93
2.92
1.63
289.48
23.74
8.03
4.52
0.47
200.96
9.61
14.20
6.97
0.84
161.82
11.74
8.37
5.00
2.98
288.94
6.71
6.07
0.65
2.78
95.19
0.35
0.24
5.09
0.48
252.47
20.51
14.46
4.58
2.48
78.74
-14.46
11.49
3.69
0.34
97.19
20.89
4.25
4.41
1.21
92.77
-5.41
3.76
2.53
2.55
339.44
2.69
9.21
2.95
1.71
126.72
6.98
11.89
5.14
0.54
400.57
0.98
7.97
6.38
1.32
454.83
1.69
13.97
2.35
1.58
171.42
-14.42
10.13
4.20
2.48
434.96
15.21
9.98
4.52
2.65
437.66
14.15
5.77
1.37
0.94
211.61
-7.25
11.76
4.63
1.94
422.56
12.15
4.36
0.93
2.77
340.48
21.77
2.94
1.38
1.09
361.41
-9.77
5.83
5.54
2.44
412.89
-1.47
1.10
3.21
2.72
335.32
-6.01
14.70
4.71
2.89
204.59
-3.60
3.41
5.40
1.87
216.89
-8.03
4.64
4.42
1.71
471.15
-0.10
11.63
1.30
0.53
365.84
5.73
6.40
2.79
0.06
149.20
-6.63
1.09
4.01
1.41
271.53
-2.39
12.00
1.86
2.02
4.73
-8.21
11.47
3.62
0.08
230.28
-5.14
10.24
5.23
0.75
26.08
21.29
9.70
4.79
0.86
203.23
2.12
11.20
1.59
0.47
253.82
-5.43
10.50
2.26
0.07
96.92
-5.75
0.92
4.57
2.07
425.24
9.63
9.87
2.12
2.09
264.29
-12.59
10.75
1.74
1.54
26.62
0.97
2.23
6.31
0.44
134.56
22.60
1.40
4.03
0.57
403.09
24.02
1.71
5.11
2.70
44.15
-0.23
12.05
4.52
1.48
367.75
17.13
6.20
6.21
0.15
396.66
-3.94
6.08
0.61
2.26
372.42
12.36
9.32
0.02
2.24
176.20
24.94
3.11
3.03
1.95
305.84
-10.12
0.12
6.80
2.00
49.75
-5.24
14.86
1.76
2.99
377.93
-11.80
1.83
4.79
1.00
107.90
-6.86
10.35
4.96
2.43
179.47
9.54
13.18
5.89
2.42
148.17
0.97
7.11
4.98
2.18
94.35
3.07
4.33
5.34
0.81
116.50
3.81
10.43
5.00
2.26
219.39
15.32
7.64
4.62
2.01
94.55
3.63
8.11
6.64
0.76
208.15
11.62
2.24
6.88
2.03
307.42
11.00
8.62
3.65
0.21
99.82
-13.57
5.78
6.44
0.34
43.13
-10.91
13.78
6.07
0.70
62.67
1.48
9.99
6.45
0.71
278.01
24.65
5.82
6.79
1.61
267.79
24.79
13.25
4.17
1.15
169.88
24.79
7.92
5.16
0.32
98.14
-2.71
11.13
2.95
0.39
485.89
6.41
14.93
6.87
1.43
3.34
-8.91
4.95
6.21
1.85
272.32
0.22
8.80
6.38
0.74
482.35
5.66
7.39
6.40
1.28
486.29
-1.76
5.44
0.74
2.57
67.66
20.09
1.56
3.12
2.83
51.74
19.60
11.44
6.86
0.15
415.37
13.56
7.63
3.23
2.83
320.27
14.16
0.01
0.95
0.02
341.31
-10.85
3.01
1.84
1.99
350.43
-10.09
8.99
6.02
0.19
81.77
-13.54
0.07
3.31
2.89
402.27
13.03
10.00
0.80
2.53
180.10
24.31
14.26
2.66
1.61
111.26
-13.08
11.72
2.55
2.05
313.72
-1.84
6.82
0.63
1.08
482.42
-9.73
10.39
2.78
0.09
279.14
2.90
4.11
5.08
1.68
320.81
5.67
3.88
4.44
0.70
7.51
-8.24
2.86
5.54
2.96
388.32
17.14
3.13
0.51
2.16
443.30
22.79
1.40
4.36
2.12
131.07
3.67
4.96
4.46
1.82
47.64
19.15
1.05
3.92
2.74
258.68
-8.01
0.44
2.02
1.35
422.48
4.76
3.25
1.12
1.00
19.56
-7.51
11.27
1.21
0.23
402.66
15.55
2.74
3.95
1.32
246.25
9.16
2.82
5.92
2.32
373.68
-8.23
5.16
2.87
2.05
119.49
-11.99
10.38
5.09
0.32
41.44
24.81
0.34
1.08
0.31
298.74
6.58
9.03
1.67
1.73
19.95
10.81
6.53
1.82
1.31
346.11
-2.70
10.15
0.19
2.98
404.04
6.53
2.51
3.93
1.53
218.53
14.76
8.14
6.46
1.83
319.34
13.22
8.03
6.78
1.98
241.07
-3.01
7.88
6.12
2.47
118.77
0.99
2.14
4.69
2.71
223.92
-11.45
4.60
6.21
0.57
232.12
4.13
11.02
3.69
1.36
438.97
5.46
2.77
3.29
0.15
349.41
5.98
0.64
1.94
2.25
204.01
20.35
5.64
3.67
1.73
316.19
12.65
13.86
3.66
2.45
436.39
9.53
3.02
2.48
2.32
231.17
-4.90
6.50
6.59
2.68
440.91
-5.80
10.20
4.07
0.05
213.75
-10.83
9.04
6.89
2.14
142.70
23.49
10.03
4.57
1.57
20.64
16.41
1.64
4.78
2.75
467.81
11.53
10.06
5.99
2.82
306.00
-12.95
5.03
0.26
0.49
395.72
2.73
8.77
3.10
2.77
239.59
-11.45
13.24
4.77
1.74
82.19
10.87
1.21
3.60
0.37
210.19
17.71
3.89
4.41
2.47
50.55
17.47
4.64
3.84
0.25
426.41
-0.29
5.46
1.77
1.01
431.38
24.29
13.36
6.62
1.14
402.11
10.41
7.27
4.67
1.38
90.79
-3.74
5.35
6.97
2.44
17.67
-0.59
12.17
3.51
0.78
27.18
-3.92
4.14
1.75
2.83
84.59
14.06
11.49
4.50
2.47
355.67
3.32
12.13
3.63
1.59
365.22
22.85
12.13
0.02
0.90
59.24
-6.84
3.92
3.08
0.46
158.64
7.05
0.10
0.50
1.52
399.62
-11.56
11.66
5.10
0.33
56.01
-6.96
14.28
2.96
2.78
497.77
11.65
12.06
5.19
1.49
316.81
-1.58
13.47
4.31
0.80
53.98
6.70
3.39
5.62
1.91
278.52
-11.40
3.37
0.08
2.71
7.33
24.74
7.73
0.43
2.84
429.99
-3.04
0.88
6.04
2.85
484.61
7.76
9.43
6.70
2.47
118.33
3.58
12.12
0.51
0.32
276.35
20.15
3.31
0.79
1.76
158.15
8.35
12.93
6.21
1.87
208.45
23.47
2.72
5.05
1.13
477.80
10.13
3.00
5.91
0.43
147.10
-7.43
6.37
2.86
2.01
316.29
21.90
13.65
2.30
1.08
167.37
7.91
6.75
4.74
0.90
133.24
9.55
11.63
6.20
2.89
232.67
18.12
11.17
2.36
1.66
91.81
0.37
6.07
1.98
0.62
122.17
-8.83
8.98
0.56
2.38
52.52
-3.69
1.87
1.04
0.13
25.72
2.65
12.78
3.87
1.40
493.55
10.48
13.44
6.32
2.24
269.78
16.14
0.51
3.00
0.94
180.53
20.50
4.46
3.95
1.08
353.03
15.83
3.82
1.90
1.37
259.13
5.96
9.79
2.44
1.58
223.45
4.84
7.76
3.30
2.44
222.70
-5.86
7.63
4.96
1.79
93.79
8.30
0.20
2.77
1.34
148.51
-5.85
3.45
4.53
1.69
52.80
24.25
5.45
4.33
2.84
323.00
10.05
14.98
6.96
2.69
464.34
23.93
13.35
1.79
1.22
338.62
22.80
5.45
1.94
2.64
288.77
-3.30
3.48
3.15
0.14
398.43
8.06
12.80
3.94
2.46
383.22
10.82
13.20
6.70
2.38
352.40
10.07
14.58
6.66
0.45
288.71
15.40
14.92
6.37
1.91
272.15
2.85
1.10
1.75
1.48
130.15
-0.57
11.08
6.71
2.38
277.81
-0.87
7.99
5.66
0.87
137.82
21.00
13.75
2.07
2.34
328.33
20.03
5.76
2.47
1.31
483.47
-7.44
9.60
5.77
2.76
491.02
9.15
12.29
3.56
1.12
293.77
-1.62
1.34
2.59
1.38
323.48
16.29
8.07
2.76
1.39
356.35
4.13
7.54
1.14
1.56
192.28
-9.46
9.74
0.11
1.82
410.99
2.87
5.38
3.24
1.00
337.24
10.52
5.10
4.63
1.96
297.95
-1.61
8.15
6.17
2.77
21.82
16.56
11.36
4.09
1.36
265.98
8.01
1.00
2.35
0.18
283.71
4.18
2.92
4.92
1.94
158.55
15.65
1.08
0.41
0.56
140.35
16.49
5.64
2.38
0.16
403.29
15.33
0.77
3.50
1.02
139.92
-5.27
9.99
4.11
2.88
41.16
15.86
12.06
4.31
1.01
208.55
-9.58
0.97
1.35
1.33
469.16
12.66
12.16
6.53
1.60
89.77
19.31
0.44
6.67
1.62
321.29
2.87
9.94
6.42
0.05
372.81
-0.03
4.87
4.33
1.83
114.84
1.34
5.73
6.94
0.23
76.16
11.77
14.71
3.63
0.34
225.17
3.35
2.82
6.96
1.00
30.96
8.50
5.29
1.42
1.87
441.02
-10.15
3.69
3.83
1.58
168.99
-13.91
11.33
1.20
0.56
345.03
-3.85
3.02
0.95
1.77
273.70
7.76
8.35
1.15
1.53
57.49
-6.75
2.39
0.05
0.01
432.44
2.13
7.38
2.69
2.98
11.57
-4.72
14.30
1.21
1.29
401.19
1.03
9.25
2.36
0.90
199.48
-7.13
11.70
1.17
1.71
431.29
8.17
10.03
4.68
0.62
368.14
-12.83
12.68
0.77
2.18
379.86
-2.46
10.72
1.42
1.14
432.11
12.77
0.75
2.11
2.29
147.95
16.12
2.80
0.33
2.78
161.94
8.91
4.74
1.04
0.40
340.32
20.99
14.89
4.20
0.26
19.92
-7.51
11.70
3.97
1.80
381.75
-8.38
4.74
3.40
2.59
380.64
13.42
4.95
6.98
1.75
165.26
-14.97
3.09
6.25
1.13
34.01
10.59
14.23
4.05
2.45
438.25
8.88
3.34
3.66
0.41
432.70
2.37
8.36
6.41
0.19
3.31
-4.94
3.80
5.03
0.58
491.96
-11.83
8.23
2.84
0.50
86.26
13.27
6.78
2.83
1.52
215.83
9.50
11.22
1.30
1.21
73.07
0.17
14.72
4.21
2.03
332.76
-3.21
3.62
2.71
0.80
349.38
7.94
8.21
2.91
2.86
255.16
-11.72
2.39
5.44
0.17
489.89
23.89
8.63
6.42
1.42
280.48
15.81
10.62
6.55
0.16
275.63
7.40
4.66
6.33
0.50
195.96
1.60
9.88
0.71
2.27
73.30
18.63
11.10
0.87
1.51
148.51
16.46
0.16
0.86
1.35
83.06
12.23
6.38
0.39
2.50
306.45
9.67
4.64
2.12
1.91
357.76
-11.43
12.03
1.55
1.28
226.59
-7.18
13.77
3.69
1.52
67.99
19.89
5.61
4.86
2.59
96.01
15.71
3.20
1.74
0.20
208.35
4.52
12.29
0.30
1.73
83.24
11.25
9.60
2.04
0.41
436.46
16.04
13.94
0.01
0.98
140.14
9.64
12.07
1.58
0.92
359.90
-14.92
14.20
6.15
0.48
419.57
-2.72
13.32
6.50
1.52
2.37
17.28
6.20
1.10
0.35
270.95
1.10
3.14
4.85
2.32
177.98
15.99
12.88
1.96
0.23
99.00
-12.45
3.40
0.26
0.59
236.53
-9.13
4.98
4.66
0.44
223.27
11.99
6.81
6.71
2.81
121.19
-13.02
12.61
2.00
2.98
237.77
8.63
12.08
0.32
2.37
239.59
5.03
4.65
0.45
1.42
103.69
3.31
5.90
0.16
1.54
139.35
3.13
7.52
1.58
1.23
235.06
13.14
7.31
5.34
0.34
111.34
-7.32
11.90
2.06
0.77
484.20
-13.00
0.59
2.15
0.56
313.02
7.47
5.66
6.59
0.70
314.83
5.30
14.92
2.56
1.64
155.89
-1.35
0.35
5.38
0.25
331.08
-13.98
3.28
3.31
2.11
68.25
9.25
11.07
6.98
2.87
349.75
14.05
3.74
2.74
1.03
179.74
-6.69
4.02
1.67
1.39
296.89
8.63
7.96
4.36
2.92
54.38
-1.23
10.57
0.28
1.68
62.73
-0.57
9.53
2.75
0.33
157.13
4.24
7.04
4.09
0.38
97.52
-0.69
8.32
4.00
1.71
197.35
12.12
2.90
4.90
2.41
293.83
-14.96
1.11
4.27
2.57
171.21
-5.98
1.76
5.77
2.75
436.27
-11.29
9.80
4.72
2.10
443.70
-5.88
12.73
6.04
1.90
316.25
22.57
10.09
1.35
2.74
271.84
-14.79
3.01
1.62
0.72
349.93
-9.78
4.55
0.92
0.29
113.04
9.85
2.80
2.56
2.03
174.48
22.05
3.57
5.20
1.13
350.58
-3.16
13.18
2.73
0.54
101.47
-0.79
9.21
3.60
1.20
354.44
12.48
14.77
0.60
0.93
457.50
19.06
4.80
5.20
0.03
369.24
-9.11
0.31
3.84
2.89
83.30
-10.93
3.66
6.24
1.62
445.34
12.08
11.41
1.91
0.13
435.35
-11.04
5.52
1.49
2.02
487.31
23.56
13.25
0.75
2.45
442.75
-11.29
10.87
1.81
2.54
428.43
1.73
11.76
5.33
1.30
124.40
12.70
12.81
0.93
2.40
173.75
22.28
5.37
3.95
2.38
241.93
1.60
0.26
1.31
0.01
325.53
-0.72
4.28
1.77
1.55
368.28
22.95
13.82
6.07
2.77
306.90
8.06
2.67
1.87
0.33
193.77
10.30
9.12
0.40
1.50
335.19
-2.73
7.48
1.55
0.71
290.28
-5.98
7.08
1.50
0.50
190.65
23.46
8.52
4.94
1.27
239.02
17.91
7.28
3.73
2.17
284.08
23.66
13.71
4.36
1.23
325.55
11.37
1.70
0.28
0.21
495.76
15.79
0.86
4.01
1.47
61.15
16.40
1.59
0.11
2.02
385.16
-11.19
10.75
5.63
0.20
169.39
9.50
2.92
3.78
1.75
290.51
4.48
6.02
3.91
1.51
127.20
7.89
7.99
6.82
1.19
425.14
-3.63
10.65
3.89
1.35
222.69
20.46
14.62
5.57
0.68
99.53
0.78
3.20
6.94
0.11
89.78
11.04
9.09
0.51
2.53
139.32
23.18
4.71
2.39
2.65
420.56
10.23
13.63
1.99
1.42
411.14
11.82
1.59
5.08
0.36
228.37
11.56
3.01
0.82
0.80
283.01
24.70
10.30
2.90
1.26
290.53
-11.23
6.21
3.48
2.11
115.62
10.93
8.05
2.57
1.18
336.69
7.38
11.89
2.73
1.98
93.97
19.75
4.34
6.49
2.38
444.15
12.71
10.25
6.33
1.51
319.08
21.32
10.87
6.74
2.43
351.93
-1.12
3.79
1.69
0.10
171.55
23.87
5.71
3.05
2.98
399.09
10.04
5.03
5.73
2.75
277.65
6.81
7.68
3.54
2.34
190.29
13.12
4.13
6.31
1.08
431.57
-4.57
3.75
0.70
1.75
405.54
-6.11
11.37
5.42
2.34
20.50
-4.63
5.45
1.74
2.31
14.55
-3.84
7.08
2.88
1.86
428.30
5.60
7.16
5.58
1.87
223.28
15.31
13.43
0.18
2.53
226.97
12.24
8.87
3.87
2.05
56.51
7.33
7.71
6.02
2.98
88.85
0.30
9.78
5.16
0.19
440.03
13.04
2.14
3.19
1.36
324.47
-1.61
3.83
3.60
2.61
153.73
0.93
1.19
3.49
2.99
431.92
-1.42
6.98
1.78
1.07
149.97
3.33
9.63
5.39
1.65
143.01
23.63
10.82
3.40
2.51
178.21
14.46
11.28
4.72
0.65
126.99
10.06
8.15
6.33
0.38
132.60
17.06
12.13
2.74
0.05
121.40
18.62
7.51
1.79
0.39
8.34
-11.90
3.71
0.15
2.07
219.68
-9.00
3.48
0.02
2.05
118.88
4.17
1.11
0.79
0.19
102.09
-0.21
7.16
3.01
0.60
236.04
20.60
9.35
2.67
2.61
256.60
21.81
7.27
4.24
1.03
425.27
3.04
0.17
3.17
2.72
209.26
-13.52
12.02
0.76
2.88
227.09
-2.31
4.63
3.90
2.95
178.69
-10.66
1.94
3.50
0.63
264.45
24.60
10.76
4.65
2.21
490.81
5.06
4.40
3.35
0.90
49.74
-0.19
7.41
2.02
0.76
26.13
7.64
13.86
3.29
0.74
284.66
-7.81
0.76
1.23
1.08
46.63
6.82
1.27
2.21
2.88
111.33
0.94
0.72
2.47
0.35
150.35
5.04
1.81
4.65
1.90
36.95
23.12
10.14
1.43
0.01
188.32
11.29
11.85
4.81
2.65
153.30
11.31
0.75
5.51
1.27
259.20
-6.98
9.77
6.12
0.10
164.23
1.83
0.55
3.40
0.60
494.59
14.91
0.13
6.41
1.23
46.96
24.91
10.76
1.32
1.54
101.91
14.83
11.44
4.19
2.34
237.76
22.32
4.26
1.07
2.11
0.66
11.15
14.95
5.61
2.36
75.62
-4.40
10.39
5.77
1.40
318.76
23.99
11.96
2.27
0.40
347.49
6.84
7.31
4.74
0.97
168.32
-8.22
11.24
6.86
2.69
244.96
-10.97
8.78
3.34
2.61
262.60
-5.69
8.68
1.16
1.39
267.72
-8.47
6.73
0.22
2.37
363.98
4.87
14.93
5.89
2.38
242.95
1.15
11.25
2.88
1.24
304.00
2.78
10.89
4.20
0.12
453.25
23.88
1.50
3.31
2.98
470.81
21.13
14.53
5.26
2.82
404.30
19.12
2.37
4.14
2.12
29.81
-6.90
0.64
5.55
1.38
285.70
24.16
13.23
2.04
0.09
118.54
4.71
11.78
4.13
0.74
467.85
-7.15
8.48
0.65
0.79
441.99
-12.17
10.38
4.21
1.06
11.63
13.95
6.03
3.97
2.61
248.28
18.80
14.66
2.60
2.94
167.55
-2.64
4.92
0.90
1.63
123.83
-7.72
9.80
6.27
2.01
160.15
16.09
0.00
0.22
0.66
437.94
-12.68
2.97
3.69
0.79
250.03
-2.12
13.41
5.16
1.09
238.00
-8.06
13.13
5.64
0.37
4.70
6.25
1.55
1.84
0.62
131.02
3.75
0.60
1.17
0.22
293.66
-10.01
13.19
2.08
1.40
104.58
19.04
4.78
6.01
2.38
194.11
23.35
8.61
2.32
0.09
336.21
21.45
8.96
5.83
1.43
101.63
5.11
7.18
6.35
0.87
200.94
-1.37
14.89
4.05
1.83
359.53
22.91
10.04
3.62
1.19
50.86
0.86
0.60
3.17
2.26
10.81
2.61
0.17
6.68
1.73
470.71
-7.43
5.85
6.29
2.59
400.47
-1.48
0.30
4.48
1.02
466.18
7.87
6.26
6.06
0.79
417.13
1.58
6.81
3.90
1.23
353.15
6.84
10.43
3.56
0.58
74.09
-5.96
14.46
1.86
0.48
351.57
6.53
14.28
1.45
0.06
55.35
3.56
7.70
4.80
0.31
442.61
8.78
7.75
5.96
2.31
198.94
7.74
4.34
6.83
1.69
264.44
21.02
1.89
3.40
1.45
241.88
6.54
14.25
5.32
2.22
356.43
7.39
10.74
2.11
2.07
172.85
3.03
4.86
3.94
1.92
469.94
12.61
9.90
5.80
0.61
13.61
14.02
3.02
5.11
1.06
325.85
20.27
13.88
6.28
1.43
465.52
17.71
13.58
1.86
0.35
176.61
15.26
13.42
6.39
2.50
38.33
-5.38
10.92
2.13
1.31
228.41
-8.36
5.24
4.36
2.93
260.65
24.74
4.76
5.97
2.14
7.86
2.34
9.94
6.42
0.19
187.34
8.32
10.61
1.28
0.90
122.21
18.95
14.98
1.60
2.93
307.75
-14.01
14.56
4.72
0.43
392.40
-9.38
13.60
1.24
0.85
268.82
22.31
2.75
2.07
0.87
365.93
10.96
6.31
0.96
2.44
414.17
12.54
6.27
3.99
1.93
79.42
17.59
8.88
4.24
0.36
450.32
-1.58
9.20
1.98
1.29
286.94
-3.71
11.72
4.30
2.53
128.91
-6.39
11.00
4.00
1.69
443.57
5.30
11.68
1.88
2.87
246.74
7.85
2.32
6.67
1.92
362.35
-1.13
7.56
6.09
2.56
318.73
14.33
4.08
2.75
0.15
164.35
-7.65
13.58
3.29
2.21
312.71
15.42
2.02
4.65
0.75
370.98
-7.79
13.03
0.69
1.20
145.21
2.80
13.69
1.32
2.78
151.61
22.10
13.89
0.50
1.27
105.22
11.60
11.56
3.92
1.04
284.82
-2.94
8.27
2.22
2.61
137.12
-5.07
3.75
6.47
2.11
157.59
20.23
6.82
2.12
2.36
440.67
13.98
9.96
2.37
0.77
104.00
9.01
13.14
0.22
1.69
296.20
11.58
12.96
3.00
1.59
359.97
-8.28
11.55
2.63
0.68
363.11
9.33
13.60
6.13
2.01
240.98
-9.81
6.73
3.40
2.12
451.62
5.71
3.41
6.41
0.81
73.26
2.24
10.98
5.47
0.87
415.36
-5.19
3.40
5.88
2.69
135.79
10.24
0.22
6.77
1.42
386.89
-1.03
1.40
0.06
0.04
84.97
11.41
9.23
5.43
2.70
260.45
18.35
4.23
6.92
0.05
494.56
11.24
1.75
4.36
2.23
304.62
17.45
3.46
2.47
2.08
340.66
-8.10
3.26
4.30
0.44
273.26
-8.74
8.64
3.44
0.26
78.53
-11.78
10.03
4.60
0.15
12.18
-3.83
6.80
1.06
2.07
357.60
23.44
4.73
2.78
0.42
128.53
6.29
2.03
4.63
0.25
135.51
-2.78
0.72
1.60
2.51
422.95
0.59
5.89
3.99
2.99
487.19
2.09
4.03
2.86
2.24
334.19
2.50
14.62
4.19
2.00
72.34
15.35
12.58
1.85
2.31
312.83
-12.16
13.67
1.63
2.16
254.77
16.22
10.57
6.68
0.11
75.92
4.07
4.42
0.45
1.83
215.53
10.83
2.16
4.68
1.63
474.19
0.34
4.89
0.34
0.40
378.64
-3.64
7.87
5.15
2.67
186.20
16.01
7.62
0.40
2.51
273.25
-1.94
6.19
2.64
1.99
401.97
1.21
6.40
6.47
2.79
349.45
-14.64
3.48
2.01
1.16
304.71
-9.78
11.97
5.84
0.28
405.14
13.01
2.87
1.14
2.51
36.36
-8.84
8.17
4.56
1.05
348.95
17.63
14.75
5.87
2.66
189.50
10.11
1.84
3.70
0.88
388.23
-1.67
4.97
3.64
1.94
328.62
-12.88
7.82
5.28
1.48
343.84
23.61
13.44
3.19
1.57
110.98
-2.89
1.31
6.85
2.74
52.53
15.31
10.52
4.32
1.67
129.26
1.92
9.20
4.51
2.80
282.71
-2.09
12.99
5.24
0.36
192.56
20.31
5.76
0.81
1.71
471.39
-10.77
11.46
4.75
0.86
249.93
7.98
3.95
5.86
0.50
161.10
6.62
9.55
6.60
2.23
314.54
24.55
11.91
0.50
1.73
208.34
10.71
1.85
0.82
0.64
231.86
3.61
0.39
5.21
0.67
175.07
-12.80
12.76
2.08
1.43
490.91
14.63
8.09
0.85
0.95
139.56
8.22
10.13
6.86
0.39
128.24
8.65
1.96
3.96
2.14
377.22
3.97
14.45
2.69
2.34
3.93
-2.30
14.06
2.86
1.41
491.56
14.02
4.17
0.47
0.05
297.57
20.50
1.55
0.15
1.98
457.61
14.73
3.19
4.78
0.29
197.77
21.66
5.48
2.79
0.44
327.58
9.21
9.03
1.00
0.19
270.52
23.79
13.40
0.45
1.05
309.83
16.98
12.10
5.76
1.34
44.34
2.00
11.96
1.28
0.51
187.00
-11.61
14.44
3.97
2.09
74.23
17.76
12.49
6.12
1.35
97.58
-6.21
8.28
0.26
0.11
37.78
8.80
10.84
2.49
2.97
146.92
-3.50
12.83
2.88
2.94
149.64
22.02
12.40
0.03
1.89
54.35
-1.28
12.76
0.36
1.08
419.90
5.81
9.15
3.14
2.32
39.23
19.90
3.33
1.07
0.63
65.28
-12.05
2.39
0.50
2.65
51.05
20.64
8.03
6.90
1.91
56.94
-9.84
4.18
4.87
0.06
370.08
-1.63
3.85
1.26
1.58
393.86
18.14
4.06
5.33
0.19
218.65
24.58
9.29
5.41
0.91
480.55
-9.66
8.57
3.48
1.00
451.78
23.17
9.86
5.61
2.40
430.36
-9.37
11.95
4.61
1.56
333.92
-7.29
14.37
1.74
1.16
94.51
14.72
13.65
1.70
2.77
145.55
7.09
14.14
5.66
1.40
187.32
-14.95
14.61
4.17
1.84
179.15
19.71
3.37
5.20
1.33
359.41
13.61
13.93
6.71
1.68
24.76
-2.10
14.42
4.77
1.49
100.99
18.23
13.02
3.48
0.20
165.53
